208.204 425.771
0 -300
/lava_texture.bmp 188.689 173.931 626 242 1
/lava_texture.bmp -195.31 -109.072 158 832 1
/lava_texture.bmp 842.217 178.93 466 124 1
/lava_texture.bmp 966.247 45.9319 366 322 1
/lava_texture.bmp 864.128 -130.067 102 30 1
/lava_texture.bmp 447.299 -64.4682 100 30 1
/lava_texture.bmp 572.007 -430.913 142 410 1
/lava_texture.bmp 862.346 -159.809 38 30 1
/lava_texture.bmp 693.797 -339.828 100 30 1
/lava_texture.bmp 874.325 -622.659 2930 196 1
/lava_texture.bmp 150.299 -197.399 100 30 1
/lava_texture.bmp -61.8898 -257.31 108 30 1
/lava_texture.bmp 1443.45 104.553 590 316 1
/lava_texture.bmp 1429.95 -365.633 30 312 1
/lava_texture.bmp 1586.53 -396.634 76 250 1
/lava_texture.bmp 1741.52 -365.633 30 312 1
/lava_texture.bmp 2233.4 187.768 2160 226 1
/lava_texture.bmp 1860.58 -169.255 30 226 1
/lava_texture.bmp 2099.91 -140.256 30 432 1
/lava_texture.bmp 2070.92 -95.2532 30 30 1
/lava_texture.bmp 1890.34 -226.253 30 30 1
/lava_texture.bmp 2444.23 -506.649 210 536 1
/lava_texture.bmp 2502.79 -30.9599 322 212 1
/lava_texture.bmp 3211.85 -41.931 204 236 1
/lava_texture.bmp 2817.13 61.0901 100 30 1
#
/no 507.418 53.9292 607.417 113.93 u 1
/no -1.89011 -272.31 98.1094 -212.305 u 1
/no 1152.48 -114.583 1252.48 -54.5861 u 1
/no 1445.95 -214.63 1545.95 -274.634 d 1
/no 1625.53 -274.634 1725.53 -214.63 d 1
/no 2238.23 71.6712 2338.23 11.6717 u 1
/no 2668.49 4.24042 2768.49 44.2381 u 1
/no -2.82031 -251.198 97.1792 -191.198 d 1
#
/no 0 0 30 100
#
/no 3353.26 -355.741 30 242 3
#